#JOSM PicLayer plugin calibration data
#Tue Mar 11 15:44:57 MSK 2014
POSITION_Y=6684906.113566248
POSITION_X=-218536.91249377554
M12=-3.4487749715798875E-14
M11=0.8363874218953965
M10=0.0
M02=0.0
INITIAL_SCALE=1899310.3692965237
M01=0.0
M00=0.8363874218953965
